![wpn_vepr101_m_hud]
        base_hud_offset_pos              = 0.053425, -0.030754, 0.038948
        base_hud_offset_pos_16x9         = 0.053425, -0.030754, 0.038948
        base_hud_offset_rot              = -0.029016, -0.018346, 0
        base_hud_offset_rot_16x9         = -0.029016, -0.018346, 0
		
![wpn_hk416_hud]
        gl_hud_offset_pos                = -0.043665, -0.034862, -0.1
        gl_hud_offset_pos_16x9           = -0.043665, -0.034862, -0.1
        gl_hud_offset_rot                = -0.057323, -0.029648, 0
        gl_hud_offset_rot_16x9           = -0.057323, -0.029648, 0	
        base_hud_offset_pos              = 0.041708, -0.02194, 0.039314
        base_hud_offset_pos_16x9         = 0.041708, -0.02194, 0.039314
        base_hud_offset_rot              = -0.003419, -0.00598, 0
        base_hud_offset_rot_16x9         = -0.003419, -0.00598, 0		
		
![wpn_sag545_m_hud]
        base_hud_offset_pos              = 0.028956, -0.019184, 0
        base_hud_offset_pos_16x9         = 0.028956, -0.019184, 0
        base_hud_offset_rot              = -0.025605, -0.008537, 0
        base_hud_offset_rot_16x9         = -0.025605, -0.008537, 0
		
![wpn_rd704_m_hud]
        base_hud_offset_pos              = 0.020907, -0.023876, 0
        base_hud_offset_pos_16x9         = 0.020907, -0.023876, 0
        base_hud_offset_rot              = 0, -0.001275, 0
        base_hud_offset_rot_16x9         = 0, -0.001275, 0		